1628
2 7908 5357
2 420 5121
2 1842 8148
2 8680 6404
2 8916 421
2 1363 2589
2 9061 5913
2 9780 6255
2 6399 5583
2 3850 9906
2 7552 8785
2 8795 3629
2 722 6584
2 4543 7710
2 6795 1737
2 4722 3987
2 2014 7529
2 9738 5231
2 2247 4386
2 92 2094
2 5000 5796
2 1300 9487
2 2989 6735
2 2971 8197
2 6271 1756
2 1566 2584
2 5139 8754
2 6775 998
2 9093 2395
2 8218 6655
2 7708 6312
2 5291 2861
2 3277 59
2 3206 7923
2 350 7569
2 5762 7704
2 1387 5515
2 7774 9612
2 4603 7444
2 5004 6632
2 8350 8873
2 3962 7262
2 8619 8452
2 9494 2489
2 4934 7796
2 8538 5905
2 7446 398
2 2048 8407
2 783 820
2 7144 1729
2 3285 604
2 3959 6459
2 701 9004
2 6874 1248
2 7641 7549
2 2593 7064
2 2609 4848
2 3720 8603
2 7169 5886
2 8457 8733
2 6276 8189
2 7039 8437
2 1367 9354
2 2404 9529
2 770 9213
2 4748 6839
2 2217 1524
2 4347 4449
2 6712 4318
2 8490 5744
2 7810 4574
2 4459 9483
2 5630 4100
2 6906 6823
2 4264 3904
2 9517 4233
2 817 3626
2 1736 8479
2 1244 7108
2 1432 5416
2 6552 9620
2 8492 1287
2 2258 2545
2 7291 6476
2 8362 9383
2 3460 4004
2 5270 3697
2 9918 1396
2 8691 9131
2 7469 5427
2 3130 4041
2 3551 973
2 8225 2061
2 3378 370
2 494 3015
2 8575 847
2 1790 4863
2 3288 9247
2 1577 4644
2 9420 2155
2 8169 7792
2 8971 6668
2 2063 3135
2 2273 4631
2 8404 2222
2 2975 1492
2 5385 9618
2 1262 2752
2 2684 7168
2 7189 5363
2 9441 2843
2 9581 5570
2 5112 2687
2 9824 44
2 6987 453
2 9467 8284
2 4265 2117
2 8005 1561
2 3800 7100
2 8069 3505
2 1910 461
2 8092 8775
2 1257 9765
2 6408 4036
2 4921 1423
2 3294 3295
2 5312 8287
2 663 2932
2 2986 8004
2 5258 8854
2 6936 1385
2 9417 6640
2 2719 3273
2 4687 5616
2 6084 8591
2 1011 3715
2 2655 2345
2 2287 5918
2 4207 2096
2 7114 9813
2 2341 6639
2 5119 3420
2 8989 674
2 8787 7936
2 8910 5090
2 9725 1556
2 6867 666
2 1072 2331
2 929 5251
2 2677 4695
2 3185 2935
2 7082 2598
2 9460 3825
2 2943 6762
2 7312 1677
2 6138 9959
2 5414 4147
2 1879 1081
2 3436 6756
2 3858 1114
2 4432 5001
2 2465 5592
2 857 8689
2 8403 8384
2 551 8119
2 4903 1388
2 1651 9818
2 5933 7525
2 102 6196
2 1370 5989
2 4017 864
2 6594 948
2 7680 683
2 3652 6613
2 8120 4106
2 9428 9888
2 5759 5526
2 6898 3942
2 2618 8911
2 2223 8320
2 6221 5211
2 6736 4473
2 9850 9128
2 1280 5083
2 5243 4194
2 5016 3149
2 35 7369
2 3390 5052
2 8074 8585
2 5116 936
2 4276 8777
2 7790 2819
2 9481 7515
2 4275 2459
2 2151 2968
2 3252 132
2 2290 7819
2 8207 4670
2 1309 7577
2 5381 3484
2 3836 2246
2 5165 962
2 7226 8240
2 944 7863
2 205 876
2 8249 8814
2 9567 7939
2 4462 2723
2 9067 7368
2 8102 8837
2 6327 752
2 4853 9256
2 8993 8991
2 8800 3457
2 5626 110
2 9300 8392
2 7054 7950
2 3282 7290
2 4889 7208
2 4497 3176
2 375 2196
2 3336 371
2 1739 2728
2 9953 7101
2 4072 8636
2 6116 684
2 1771 4808
2 246 9267
2 6267 2212
2 1573 8641
2 6383 281
2 6469 5791
2 5475 63
2 9454 2499
2 882 6240
2 3230 5602
2 6433 9614
2 8046 3656
2 1380 7259
2 6475 2475
2 5590 714
2 9998 4090
2 3778 1101
2 8191 9019
2 8192 2064
2 5620 4916
2 3576 5651
2 7338 9894
2 9125 7834
2 7650 1013
2 5319 3678
2 1420 1491
2 5477 839
2 932 2548
2 2641 5048
2 1398 3024
2 3545 7945
2 8840 3765
2 3380 6170
2 3766 7198
2 1014 4405
2 5186 4961
2 9116 1115
2 539 9965
2 2643 1004
2 3831 5945
2 3550 1071
2 6980 4685
2 8280 7937
2 7133 2124
2 1500 1233
2 7941 3302
2 8520 4579
2 1719 3272
2 7021 8152
2 4601 3795
2 155 9986
2 9923 5042
2 3461 384
2 6159 7104
2 2853 3647
2 320 9295
2 2991 6677
2 1342 2141
2 6696 2070
2 9353 1734
2 2904 7927
2 9388 2008
2 8914 7135
2 6418 6782
2 7034 5101
2 9169 4702
2 2588 5773
2 7589 6495
2 73 854
2 1360 1707
2 588 8058
2 4241 4430
2 6431 2115
2 2413 1164
2 2005 1214
2 1603 336
2 8514 7540
2 6325 5046
2 5062 7201
2 7448 2080
2 3955 4957
2 9308 5214
2 2111 2558
2 9287 4788
2 1251 443
2 9381 4917
2 8050 8639
2 2369 2922
2 6139 7409
2 15 8063
2 5587 1341
2 3441 7896
2 2317 3499
2 9607 7825
2 655 5653
2 3406 49
2 7452 976
2 8096 6702
2 8825 7961
2 6722 7202
2 914 1830
2 2764 4886
2 4493 4964
2 5629 6381
2 4008 1146
2 7811 9307
2 4536 3463
2 3081 6176
2 3682 7313
2 5999 4509
2 3535 9568
2 6043 818
2 5857 82
2 1828 4983
2 9740 6107
2 7035 5295
2 5618 3792
2 7933 8612
2 3387 3047
2 3377 5772
2 2519 7595
2 1468 7757
2 2638 5982
2 4589 3607
2 1795 4874
2 5440 4135
2 5634 3940
2 6503 3096
2 429 2727
2 6878 2228
2 9939 2274
2 8121 5713
2 4998 9305
2 6360 8338
2 3384 6252
2 6236 3896
2 2507 2964
2 7323 3566
2 1245 636
2 8765 3228
2 7597 1353
2 4576 8608
2 2581 4322
2 5202 1210
2 9127 3309
2 7450 8485
2 7705 7136
2 7113 887
2 563 5310
2 4743 7305
2 8666 1851
2 743 4240
2 440 7543
2 2945 3293
2 1247 6168
2 9290 8322
2 5552 6550
2 2017 71
2 3931 4925
2 7348 7516
2 8959 9433
2 4968 4406
2 4084 1988
2 1493 9129
2 6991 1203
2 9228 8745
2 6710 6935
2 5221 9866
2 4541 7551
2 8054 1671
2 6103 4940
2 4114 1955
2 7182 5625
2 3533 9795
2 3197 7145
2 8029 4185
2 9898 1812
2 8512 7
2 1641 9527
2 9704 8116
2 5228 3437
2 2455 5383
2 3603 4141
2 3571 4131
2 1112 7579
2 1463 47
2 99 5219
2 1792 8465
2 3742 7326
2 4593 1450
2 8574 1322
2 6461 2456
2 3435 3114
2 5597 594
2 1274 8851
2 8271 9552
2 1757 4167
2 6369 7359
2 5878 4637
2 680 2259
2 6855 4235
2 4310 9
2 1025 3042
2 9708 3142
2 4812 1094
2 569 766
2 6295 7231
2 1123 1713
2 8445 5652
2 4111 1742
2 3876 5006
2 6658 4655
2 2721 3686
2 135 9690
2 7575 1934
2 368 9539
2 4145 7583
2 1752 532
2 5818 2686
2 1748 5873
2 9334 9525
2 1236 2962
2 2871 7715
2 8481 4561
2 2778 4074
2 2286 5494
2 528 8803
2 9537 3844
2 9477 9263
2 470 4657
2 6182 2481
2 8226 3072
2 7396 727
2 1776 8553
2 8217 7083
2 9132 1050
2 1950 1895
2 9395 723
2 8649 4847
2 524 4112
2 5684 4475
2 2640 6957
2 4418 6129
2 3525 7447
2 4580 8387
2 9817 3357
2 4680 8250
2 6217 4102
2 52 9235
2 8416 2759
2 2832 9917
2 9947 9532
2 4686 7088
2 8587 4374
2 1893 62
2 8974 2982
2 9445 7196
2 1662 2293
2 7738 2736
2 3198 8736
2 4749 1946
2 6251 3519
2 266 8332
2 7029 3196
2 1108 954
2 1104 7032
2 1938 7648
2 8678 213
2 4759 7308
2 116 8375
2 1343 9196
2 9113 859
2 9796 9946
2 5971 4320
2 7379 8010
2 9992 9063
2 3732 1591
2 5394 2045
3 9782 6190 6547
3 713 9317 5163
3 1457 1940 1418
3 927 6086 4076
3 3572 8300 1724
3 4130 5069 5777
3 6303 3751 6882
3 9967 3755 2726
3 6048 5403 2060
3 5937 7203 8767
3 2132 7455 7725
3 9640 1310 4619
3 3215 9916 6611
3 724 1676 5904
3 3393 9980 2342
3 1241 1772 3337
3 9666 4349 8193
3 9412 5447 3689
3 3815 5092 850
3 3642 6597 9106
3 1408 3908 6178
3 3868 5486 2652
3 7160 5560 1568
3 3829 9147 4402
3 3245 3152 2340
3 1448 223 992
3 5555 9455 9119
3 3970 8188 5172
3 2845 6909 8644
3 6523 4180 3155
3 8428 9979 2544
3 3100 3287 4490
3 8764 9480 4638
3 9112 4039 4995
3 5826 7477 1433
3 9040 1033 4912
3 7358 989 9966
3 8255 4755 3672
3 4760 3094 2642
3 1617 7107 1621
3 6200 8041 9747
3 6066 4864 3170
3 4999 9808 6558
3 1185 7503 586
3 7378 1901 3648
3 9878 2767 2085
3 7376 3116 2749
3 9351 167 3775
3 3459 9012 120
3 4086 2760 3757
3 6916 9949 9344
3 8157 8024 5729
3 4159 8953 9576
3 4081 3319 201
3 625 2735 8626
3 1017 7328 6913
3 4199 5984 6038
3 4342 7244 8601
3 9053 4152 5686
3 4872 779 7851
3 7317 3056 3542
3 3826 2366 7451
3 5405 6820 7494
3 4396 259 3781
3 9396 3148 6534
3 6872 3960 3257
3 8279 1379 2828
3 4181 2637 4139
3 1428 3032 7643
3 9783 4606 8478
3 7053 4897 6571
3 4015 5893 4550
3 6004 9509 6567
3 4024 4051 7148
3 3699 6970 8397
3 3490 344 774
3 3957 495 5931
3 7456 8782 8138
3 506 8887 7545
3 1844 8693 5156
3 3430 1455 7464
3 2145 4941 3889
3 5650 1169 2628
3 1769 8048 7814
3 9940 8905 1763
3 2753 4350 9542
3 6241 5050 2323
3 8483 8467 8186
3 8892 4253 403
3 1434 5033 3593
3 7816 2445 4244
3 2491 5976 328
3 2780 6588 2862
3 1855 5390 2870
3 1144 4905 6134
3 9191 7722 676
3 3388 7754 9302
3 8301 3151 4150
3 5109 971 3376
3 1458 3404 2795
3 6422 7837 6537
3 6802 6386 3112
3 5230 9758 7862
3 2869 1019 3475
3 3711 5374 4058
3 8243 1089 18
3 9279 1314 2300
3 5565 1785 9151
3 4454 3589 9713
3 5673 3701 9275
3 4654 3921 2308
3 8843 3093 8997
3 125 2644 8187
3 2844 6194 7079
3 3556 5654 8865
3 2923 4799 58
3 8706 9541 6467
3 5571 6061 6927
3 4125 9109 9559
3 9510 1456 4959
3 8622 6793 5081
3 2302 4166 1383
3 4364 9809 2814
3 9310 9442 4390
3 1730 2069 2213
3 9997 9731 2036
3 5354 9422 8267
3 5735 7784 4044
3 3627 9452 8233
3 1325 6758 8242
3 8949 4471 5366
3 981 6067 9900
3 36 8515 7316
3 4304 2865 3708
3 2679 4590 3869
3 3979 7304 8115
3 9925 5348 3840
3 3160 5695 3451
3 7609 897 4480
3 3236 8184 8259
3 9472 7070 6147
3 7538 5344 8506
3 7701 9402 1711
3 9827 4201 5609
3 4673 6207 9528
3 5704 2670 6171
3 1255 3779 7166
3 7084 9518 7445
3 7762 9897 7703
3 4348 7765 8849
3 5143 6322 7673
3 7242 2276 778
3 2965 6204 2123
3 2815 2938 446
3 6013 6092 5845
3 4927 9288 8616
3 2090 7630 3842
3 2130 3462 8079
3 2714 718 1160
3 6667 841 9243
3 6091 8427 2305
3 2078 1926 9873
3 2984 8973 9320
3 1913 1067 11
3 994 7411 2267
3 3709 8385 2160
3 1365 2037 1936
3 1721 4303 1049
3 6877 9064 1839
3 8627 4869 3526
3 2851 4338 5540
3 9831 2973 8094
3 4499 9049 3583
3 8769 5930 245
3 518 6732 5096
3 7027 8315 8101
3 8705 2667 4837
3 3200 5871 2243
3 3190 339 1136
3 6071 2458 654
3 3359 276 2313
3 2040 4745 3126
3 6608 747 8430
3 3713 1048 6050
3 8943 4068 8167
3 4597 702 9605
3 9058 3659 1552
3 1215 4420 333
3 5434 2338 2023
3 2822 1126 6123
3 3974 3456 6359
3 497 109 7944
3 2187 6954 1509
3 2197 9707 7267
3 3162 5843 3913
3 479 8402 5359
3 454 1896 9514
3 5738 2675 2985
3 2015 7073 3950
3 843 9753 5324
3 4460 2446 5136
3 1394 5858 4284
3 9476 5605 8509
3 1028 5737 9921
3 4395 7193 7726
3 5855 6515 8036
3 7720 2158 2944
3 426 4862 4551
3 4250 5679 8286
3 8025 2914 687
3 2524 5780 5854
3 2031 6729 9374
3 2654 8723 7385
3 5288 3036 7953
3 1425 387 6300
3 3103 7930 6777
3 2053 6768 373
3 707 7976 2282
3 8544 3872 2920
3 5103 3999 6580
3 721 7619 7008
3 3723 2613 4902
3 5846 1674 6842
3 2032 330 2535
3 2004 2777 5209
3 397 7763 3745
3 9170 3946 9784
3 665 8664 3106
3 4003 8033 7522
3 8937 7325 8367
3 1239 2791 706
3 3520 4586 4498
3 8285 3071 1767
3 1520 6164 9289
3 4067 4849 3632
3 8295 5572 3899
3 7505 8484 3618
3 1069 286 1845
3 5307 3770 6481
3 8790 2894 7466
3 3264 5805 1231
3 913 1232 7922
3 6863 9531 65
3 4744 5248 9340
3 7428 9653 3253
3 2099 5071 2674
3 5372 6041 2817
3 5761 7582 1427
3 9598 4624 9856
3 488 6908 6060
3 9461 7562 5665
3 9389 1900 2203
3 2868 8378 8348
3 1486 3733 9283
3 1312 2542 4690
3 4378 8921 5600
3 2387 3143 9722
3 8352 4730 7026
3 543 2606 2718
3 7285 5334 6985
3 3232 5204 8701
3 3740 8125 6989
3 8234 7572 177
3 861 2855 463
3 5114 7867 9732
3 4831 2350 7700
3 3180 3067 9942
3 6879 6555 593
3 5507 2992 8026
3 535 2893 2994
3 1637 4302 5622
3 1680 8580 3002
3 5500 3342 7756
3 7687 6895 7920
3 1121 2027 3083
3 9688 3604 1359
3 1921 9497 4151
3 6786 5318 8346
3 9924 4029 5919
3 4401 679 4965
3 8884 7044 8563
3 2321 9683 9111
3 3010 6032 9691
3 969 7974 2572
3 1242 6978 8697
3 442 4815 8047
3 6397 7435 1996
3 3986 6165 780
3 7161 5408 7050
3 694 2135 6638
3 8621 4021 1096
3 9756 7199 6582
3 1816 1906 4516
3 8674 6238 8721
3 3725 317 2941
3 9335 6211 3229
3 3433 8482 6313
3 1630 4585 1817
3 2478 9202 9649
3 5502 5567 1357
3 3182 9056 7212
3 548 8589 8834
3 4383 8802 9252
3 8489 4909 2619
3 8088 5301 6329
3 4908 7437 8253
3 2440 8630 9778
3 7282 8216 2364
3 7806 6001 1085
3 9790 8976 745
3 661 9306 1372
3 3139 7874 2571
3 6449 2322 4137
3 2497 2394 4951
3 4295 1991 5962
3 647 2816 3485
3 7280 2547 522
3 8444 933 9366
3 852 1098 1336
3 8414 2768 7209
3 5089 6626 9779
3 4162 7769 6363
3 1051 4970 3356
3 8262 2034 2009
3 5667 4587 9443
3 5445 6896 6316
3 9697 2625 2802
3 3304 6362 4582
3 3351 5320 103
3 2880 5506 8839
3 2119 3421 717
3 6465 8394 6602
3 3998 6502 251
3 8917 6717 2112
3 2534 4476 9751
3 2414 8926 8477
3 4168 4485 6477
3 1643 4366 4351
3 104 9466 4352
3 3065 2374 565
3 8339 8710 709
3 166 4836 1861
3 3726 4805 6426
3 9630 1797 2647
3 7449 1417 67
3 3920 4472 3368
3 8324 5031 5891
3 8847 7714 2351
3 90 2263 8811
3 758 2482 5909
3 1560 7497 3443
3 5468 1446 7119
3 7601 560 9154
3 2755 8869 6994
3 5645 3231 2905
3 5987 7366 8199
3 1125 4652 9123
3 79 6813 9365
3 7940 9077 9124
3 8071 5932 3089
3 5623 2496 645
3 3609 4974 5793
3 9760 2710 4259
3 1863 7860 6
3 3098 2738 257
3 3886 4073 1340
3 3548 8369 7629
3 2742 1760 214
3 879 830 7671
3 8885 8178 2536
3 3900 6883 171
3 951 2995 8614
3 6292 5226 8751
3 4118 547 7981
3 9801 9071 5492
3 4385 9034 1976
3 7191 4261 1510
3 599 8126 2095
3 3767 7846 4884
3 4751 474 1787
3 6997 5975 3379
3 1914 2315 332
3 2403 4776 1202
3 84 9103 6415
3 7563 8358 7330
3 3706 7685 9325
3 5955 3183 9585
3 8386 5459 4293
3 3989 1916 4477
3 7519 4049 2162
3 980 1397 9806
3 6214 4719 7489
3 7468 3967 9629
3 9657 4626 4357
3 7947 3631 4134
3 6287 1875 1701
3 3601 2284 8947
3 2926 3166 7911
3 2093 7234 3496
3 7537 5326 9546
3 3661 1710 1344
3 946 1472 3214
3 2261 5564 3062
3 3140 3163 5593
3 4268 9373 5239
3 8704 4324 3308
3 6299 2114 60
3 8841 100 4557
3 6486 9268 8501
3 231 1246 8200
3 8488 2576 188
3 2189 1894 2957
3 9676 1657 8163
3 8182 3982 1820
3 3429 8909 5544
3 4225 4779 1001
3 3592 8448 6666
3 1272 9915 9363
3 6568 6861 8923
3 3468 6346 4867
3 7707 5784 9968
3 580 501 9511
3 5687 8799 750
3 4336 8920 6914
3 6951 3040 877
3 8531 7188 5330
3 3113 8460 1717
3 445 4947 9974
3 1997 6464 8835
3 6995 584 5149
3 751 8057 8529
3 8317 8656 9930
3 8051 9938 8779
3 29 2113 5733
3 7747 710 6956
3 4784 9739 1740
3 9167 6926 4222
3 9001 4481 1975
3 692 4210 5236
3 790 9277 5518
3 6437 2041 8003
3 6335 2616 5244
3 5827 1204 7934
3 9937 6424 1505
3 7598 5433 5991
3 5775 351 4711
3 5716 7354 7391
3 490 2256 5332
3 113 6317 6297
3 7912 5711 7057
3 3650 2438 6342
3 9845 5988 2776
3 8149 6657 7613
3 7004 2441 321
3 1779 7952 8658
3 9378 4278 1800
3 6601 7141 8651
3 4824 5707 4727
3 1034 905 4977
3 7181 3814 1351
3 2501 4362 1564
3 4772 8476 9545
3 9654 2559 296
3 1175 2434 7677
3 4061 9919 1364
3 6333 4785 3730
3 8480 6047 9166
3 7331 6385 924
3 7482 5656 2575
3 6893 7767 1883
3 9515 243 8431
3 7904 3805 8040
3 1419 2639 4331
3 7560 7205 7439
3 7612 4071 6188
3 1697 7056 3750
3 7012 7926 7415
3 7506 4204 4696
3 46 8341 1249
3 2682 7297 9962
3 664 2493 3120
3 5490 9315 5758
3 5154 5425 5529
3 460 1600 5970
3 9757 6394 4572
3 2539 4190 1965
3 1659 1784 7344
3 2487 787 7153
3 8072 9110 2245
3 7472 212 7210
3 1482 7269 1747
3 5392 4282 8990
3 705 5743 1522
3 6532 2708 8915
3 731 8060 9419
3 4765 7520 9426
3 4803 5821 791
3 8175 1746 7647
3 5708 853 7699
3 9163 1390 2509
3 1791 6218 8168
3 7691 1823 3579
3 2429 2761 4717
3 4391 7277 9550
3 2177 8349 5028
3 2430 8718 4161
3 9956 6847 5131
3 5541 5927 4415
3 5484 6587 8449
3 1702 8018 5808
3 7355 1715 6738
3 334 1927 5683
3 8042 7126 5835
3 1362 925 3473
3 3013 3005 1743
3 5525 6140 7972
3 8281 6349 8056
3 354 7294 8579
3 5659 4448 5488
3 8690 6889 6042
3 2830 8066 7824
3 4984 1780 2573
3 1449 813 1061
3 416 9133 2043
3 2494 8208 8418
3 4083 8357 9341
3 5283 8288 9271
3 1193 2833 3655
3 9358 2867 9397
3 5087 5065 767
3 4101 7006 96
3 873 9033 5074
3 9705 6598 6616
3 8830 7195 1714
3 4431 5438 5728
3 592 3034 2265
3 941 1356 902
3 2737 7746 6419
3 7836 6172 7250
4 7935 6439 1673 9569
4 2960 9874 3087 8866
4 9674 5144 55 6273
4 685 8798 6627 301
4 3238 8935 5720 8548
4 2787 8980 3830 2952
4 755 1281 3845 631
4 3514 5402 1523 264
4 3653 6115 6144 1200
4 6779 8983 8470 8607
4 1293 2182 385 1178
4 4382 6941 3223 4870
4 4878 2648 7524 9626
4 7158 5647 1636 9566
4 1798 6816 9853 197
4 4800 4647 8625 3834
4 7214 1759 6742 773
4 8296 9857 797 1889
4 5524 9743 5155 6309
4 9231 732 2809 3167
4 9983 6376 8702 9572
4 3317 1007 6226 9797
4 4129 6489 2089 3306
4 8343 6575 1508 5553
4 345 4615 8487 6410
4 1660 2615 4367 6336
4 8871 8577 4960 3978
4 9242 8290 9048 8659
4 3764 2896 8132 2055
4 8687 366 3137 407
4 6298 6589 6377 1476
4 6884 6911 5864 5375
4 4778 2958 4600 7748
4 5669 5520 1810 7155
4 3465 3397 7436 6192
4 7173 2073 8183 7567
4 8743 9492 9250 3905
4 8261 4213 3673 3557
4 6785 3597 2612 5610
4 285 2339 1948 730
4 3569 9574 4649 1228
4 5990 1041 1998 3791
4 1156 408 8671 6384
4 3507 1675 3870 4079
4 5102 9841 278 3271
4 9404 7776 9718 2486
4 9141 9587 4524 9952
4 2849 2788 9689 6058
4 3168 340 4861 4200
4 9095 2209 4043 875
4 2250 4223 6769 2353
4 9216 2071 9843 9746
4 624 7324 6028 8940
4 3776 7817 6747 283
4 5911 7470 5308 6198
4 4183 3014 3001 9265
4 6716 5435 8707 5476
4 2626 5232 7253 1912
4 1629 8999 3944 1429
4 4319 9203 9871 3
4 6943 1945 3857 6662
4 9766 5411 6010 9078
4 7838 6624 5170 8172
4 126 3537 7302 2912
4 5532 7028 1483 85
4 399 4212 7443 3997
4 3594 386 3367 9507
4 7955 8858 2000 1140
4 8260 9408 8204 7412
4 4397 2396 8297 432
4 9791 3305 8677 4179
4 3128 4528 7118 4706
4 8518 8327 4527 6578
4 4023 4569 7880 8453
4 991 5337 3278 1853
4 50 7869 915 4532
4 2156 1030 9755 1587
4 1053 5011 836 263
4 3524 1786 884 1040
4 7998 7702 7095 1720
4 8846 4033 2927 3028
4 4087 6117 5203 8683
4 7879 8335 6981 6146
4 5076 1368 4469 8442
4 3000 952 6012 6483
4 878 8623 4607 7103
4 8922 4189 5207 5849
4 4182 9672 6110 3885
4 4368 2118 9695 995
4 6113 9665 6320 513
4 2940 1682 7696 5803
4 6695 5039 8670 3022
4 3981 3613 3728 7978
4 5269 4332 1224 6757
4 3710 8904 3508 1821
4 2623 282 634 7618
4 1392 4991 464 7617
4 8145 4346 2585 7319
4 80 9405 8964 1378
4 7676 7351 4617 7603
4 2784 5841 1253 4565
4 4838 9185 7296 6370
4 7723 6672 4474 2877
4 2362 1173 8929 8722
4 2183 807 3518 4883
4 7485 353 1037 3561
4 4045 247 6444 4307
4 5335 1722 5197 3736
4 5830 4296 3877 8750
4 5452 5314 8932 9908
4 1666 7284 1681 7861
4 7336 4560 1708 1073
4 5305 1150 3037 5174
4 4707 7146 6498 9464
4 2214 2901 8692 1542
4 891 9909 3375 4786
4 945 3881 3248 5785
4 6728 3470 7759 1923
4 7137 4881 8895 3362
4 1240 5880 1117 1684
4 8809 6826 2939 9359
4 6538 3599 4871 1526
4 1375 7718 9599 8524
4 3175 5797 1152 559
4 233 2092 2937 4038
4 8140 2416 137 7536
4 8818 1431 1116 1154
4 2346 3069 1484 2627
4 3702 8856 5902 4439
4 851 8896 3892 7870
4 5638 7910 4361 8328
4 5662 5300 520 2488
4 4178 9304 1571 8874
4 7644 5455 5462 6296
4 8939 8901 4292 6367
4 42 2981 4521 3511
4 6688 4085 8956 5278
4 557 3538 9880 2798
4 3855 3910 8466 5823
4 9615 6665 8637 2592
4 712 2624 9197 7678
4 963 9177 4975 3853
4 9079 1229 7823 6656
4 5194 8030 1261 3544
4 5152 8634 6231 5547
4 6791 5806 7041 9849
4 9052 8925 7178 3107
4 8724 5130 5839 5341
4 869 9516 9769 916
4 2421 9292 3055 1833
4 4542 7422 2566 174
4 2139 855 6605 4946
4 4455 1498 5941 5705
4 5249 4289 1712 970
4 8700 9088 172 1361
4 7604 7303 9961 8527
4 4817 9579 9907 4668
4 4629 5497 6965 17
4 3184 7968 7463 2600
4 4096 4753 56 6577
4 6974 9439 9425 6220
4 8106 9777 6938 5378
4 6355 3676 1726 7255
4 1441 4682 5998 2185
4 3291 3606 9984 5441
4 8583 8055 760 2368
4 7750 6691 5548 7130
4 2195 7402 846 7238
4 8105 1962 529 5503
4 2450 1291 7215 6389
4 6789 5922 3050 7363
4 7495 2312 5250 9014
4 6413 5712 10 145
4 1919 8111 8516 3769
4 1565 7615 9350 4604
4 2979 2360 6715 4731
4 8307 2292 1765 6856
4 2528 3605 1430 8931
4 3250 176 3969 688
4 9520 7728 1234 738
4 4203 1264 9092 5151
4 9262 3964 1570 7740
4 2449 3512 2106 451
4 7698 8510 297 5446
4 1545 6759 4663 844
4 4380 2820 5563 8363
4 3452 9118 3746 3516
4 8982 3737 5649 8714
4 699 4809 2716 6752
4 75 3345 1122 9168
4 6892 5093 208 1601
4 5923 4643 3134 6583
4 8699 742 5271 525
4 4510 9928 923 5325
4 3687 4146 7624 7778
4 6089 8888 6266 5118
4 3952 1026 5579 2766
4 1092 9639 6205 9741
4 1024 5478 912 1827
4 585 6977 556 1197
4 6030 8294 1487 9895
4 4729 8266 6526 2165
4 48 4404 9597 6540
4 8091 9184 6364 7218
4 3418 6689 6133 8239
4 8588 4900 3540 926
4 5284 232 9161 1963
4 1692 6653 2407 139
4 7440 3923 7149 3104
4 3061 4281 164 4093
4 8590 8306 9121 6396
4 8308 4552 8081 4491
4 98 8741 7518 2007
4 1670 9401 2221 9214
4 5022 6609 2295 9182
4 5393 6992 8673 117
4 9911 5285 3258 9450
4 6928 9840 4990 7558
4 8852 1384 2649 8833
4 890 3976 1589 1648
4 1782 7865 5007 8161
4 3365 8112 5017 8059
4 6642 7023 2484 5948
4 7798 9503 4230 5013
4 744 1389 4627 9594
4 5637 4526 3674 211
4 4945 6530 8044 5574
4 1528 9440 7839 8650
4 4140 5115 5899 5627
4 6955 874 8824 9246
4 667 5795 9390 6451
4 1604 3372 2804 6052
4 6372 2233 7499 2309
4 918 324 5056 480
4 9875 6798 7346 4126
4 2917 4539 2879 3691
4 8330 4171 7152 6149
4 7621 4075 8293 628
4 9449 564 5875 7692
4 3851 9936 8198 1010
4 9080 5431 2555 9135
4 8433 5562 7204 642
4 1128 8421 7983 8617
4 9293 7128 87 2127
4 2599 8611 6680 2848
4 310 7997 3029 2836
4 4343 4316 6102 2590
4 7779 484 3276 7318
4 1268 122 8247 9719
4 8471 4915 9490 1825
4 657 7256 1015 6623
4 6011 8948 3932 6721
4 1834 9562 5879 656
4 8076 8668 8653 2811
4 7232 5 8305 6645
4 4566 9668 7752 8609
4 824 3510 6157 2125
4 9558 6455 7278 7151
4 9619 7225 3608 3828
4 6173 3483 9588 6215
4 8946 7213 9580 289
4 6070 9435 8606 1876
4 3575 9652 3973 900
4 4563 7566 6036 4555
4 4186 6603 178 597
4 2354 1269 1847 9471
4 7775 3996 2872 7954
4 5450 5519 1735 9414
4 5787 3207 9776 6731
4 389 5110 1866 5513
4 617 9482 6193 3239
4 1304 9430 2516 28
4 129 2701 6256 9286
4 6573 5953 1620 4859
4 2454 5352 206 3480
4 3954 9504 5487 4650
4 748 4866 1943 3692
4 5084 3786 3677 7375
4 3919 8496 931 5824
4 4677 2477 4671 2538
4 754 5184 9852 1856
4 6318 3574 1159 8652
4 985 8146 1464 6703
4 3630 7271 2226 6685
4 4105 5195 1311 1393
4 4007 6037 590 8134
4 9847 6080 6350 4170
4 3937 377 5815 9499
4 7755 3688 9382 8578
4 2650 3241 1056 1819
4 3938 6020 4573 3527
4 552 3410 1632 9276
4 816 4242 3891 4522
4 3303 134 2697 3808
4 9805 3063 6531 5981
4 8364 2236 3132 1129
4 2079 5561 5061 1205
4 2448 1334 8258 2999
4 2813 4665 8434 6152
4 5934 5703 5559 7764
4 9522 4683 7888 6111
4 3369 5942 4792 5058
4 6564 1548 3092 834
4 265 6891 4496 6741
4 2408 6572 1877 8468
4 14 7996 1260 124
4 8459 3874 1994 2732
4 6910 1644 307 151
4 8162 5264 4054 6206
4 8755 5261 6443 6984
4 2392 7301 8537 1874
4 7157 8070 53 9637
4 5126 749 9407 6053
4 1607 9391 3895 4933
4 7076 1773 9238 1718
4 1481 8082 7105 8684
4 5078 4612 7875 8342
4 5034 9416 7475 5094
4 3738 8565 4725 2190
4 1543 6235 1642 142
4 8360 6525 1562 6228
4 6946 1354 290 8967
4 1003 5002 3573 589
4 6268 2219 236 1888
4 3861 1222 9799 4997
4 2856 2266 2705 9241
4 9463 1451 7542 7734
4 3739 975 7413 4611
4 4463 2077 9675 3980
4 6482 8408 4814 7777
4 9889 2774 7512 2428
4 3758 2319 9165 6306
4 5145 2180 4055 9748
4 6760 1596 4857 2091
4 1537 5292 4661 4442
4 369 9142 9326 5371
4 4326 8912 1884 1704
4 1689 2257 7884 9714
4 2913 2188 7610 4865
4 8958 3832 5418 9730
4 5646 5037 3297 8907
4 5290 9508 6676 9530
4 5025 7420 2490 9602
4 2133 6865 8035 4636
4 4056 2056 253 7219
4 8014 364 5710 4592
4 4299 9285 4692 9864
4 1709 1738 9761 6651
4 8783 5421 7993 4774
4 8558 367 7361 4091
4 2574 3833 6932 6628
4 5223 3771 8032 7406
4 7885 8245 6849 2241
4 261 6347 540 6155
4 4192 4117 4875 7286
4 6122 5124 2765 7659
4 7508 9025 1445 2020
4 1414 1960 4703 4989
4 2800 7009 9376 5644
4 9565 5575 6557 4363
4 3269 5810 1837 4066
4 2840 2998 3912 648
4 43 19 362 1282
4 6124 8390 3924 3558
4 3489 3864 5044 4716
4 8313 3122 5517 2854
4 3646 7473 735 5794
4 6646 8194 4381 5235
4 3703 7115 8176 7841
4 5315 2915 9976 2887
4 8902 1349 3802 7662
4 6505 2355 5035 4187
4 7780 438 6827 7090
4 5216 996 2565 2254
4 327 4835 4926 4506
4 8504 4315 7526 3839
4 1038 5501 3945 9896
4 9069 5861 9523 6326
4 2146 7147 8123 3654
4 9913 6027 1440 1595
4 1925 127 7594 4904
4 9642 7353 6365 2461
4 1903 8337 5020 3531
4 4854 2826 7074 898
4 6145 9834 3553 2400
4 1572 1887 5671 8423
4 5801 2748 7003 4771
4 5664 9273 6733 4656
4 5868 2150 1023 9016
4 3003 7390 6794 534
4 1907 6819 4089 9650
4 26 6900 6380 9922
4 3934 4825 3498 6366
4 8205 3432 1598 6976
4 9994 4321 7382 5916
4 3101 5764 3567 8241
4 6181 1352 7733 4064
4 4424 2383 2806 4410
4 4169 5992 5389 1406
4 4484 6780 6289 2457
4 9899 4955 1467 1339
4 6462 907 4773 2006
4 2779 2058 8333 5474
4 3237 4437 4559 6673
4 8720 7905 5530 7037
4 357 8738 358 3422
4 6966 5648 2081 7432
4 5396 9893 2320 8597
4 4329 8370 1533 4412
4 8013 436 1332 7683
4 3224 1373 7374 9453
4 9512 9687 7356 1723
4 2646 2283 5205 9368
4 7414 9432 9220 6436
4 5465 7240 5355 9988
4 3448 5349 5898 8861
4 6663 5075 8432 404
4 447 7403 6800 4879
4 5546 5142 2375 960
4 2460 3649 6076 3906
4 3289 1672 2783 1471
4 1301 716 5336 7914
4 9144 3398 6988 9848
4 5739 5159 9456 210
4 400 8020 3760 147
4 6250 5935 489 2907
4 6781 9195 1584 6361
4 6838 2699 33 6857
4 1990 6310 1422 689
4 892 9702 4495 8019
4 9343 6949 622 3718
4 6442 3298 6490 146
4 792 7051 8715 909
4 7016 3614 5457 8938
4 6561 6886 5489 1609
4 4446 4931 6514 9879
4 105 3568 9468 7821
4 6931 476 4478 4720
4 2361 6934 5178 4375
4 2255 8151 8376 6778
4 1687 1503 3323 8889
4 95 6546 3704 5086
4 772 8582 2462 4766
4 7487 4827 6528 7785
4 2846 4294 9043 7943
4 1815 2918 7534 2381
4 1966 7373 7768 7818
4 1124 2818 2389 5551
4 6348 6338 4011 7419
4 3181 1605 3145 8648
4 4345 9385 4639 8153
4 1327 8450 5633 7426
4 6324 7605 7310 9684
4 6219 8270 8150 1021
4 1052 1442 2398 5869
4 7478 5582 9192 7230
4 6056 9750 737 7249
4 5996 3284 3582 8898
4 7124 3735 3617 2874
4 6869 6907 8043 9561
4 5867 5608 6784 5856
4 2729 9115 9361 7530
4 3045 2103 2401 3244
4 5753 3007 9726 4452
4 1957 21 8894 6340
4 7999 5723 3914 7592
4 6764 4924 396 3882
4 6521 1592 9703 2260
4 7080 4010 9072 3595
4 3562 5847 1529 8845
4 3221 6929 8823 7175
4 9627 1213 6016 3352
4 9762 4219 5467 5901
4 331 1143 9631 1930
4 3192 3554 3559 4026
4 5415 7709 6585 4057
4 5715 2617 2129 5776
4 3043 9671 6208 7917
4 595 6029 3299 8954
4 4154 6790 8299 3153
4 6131 3403 3983 1512
4 6059 6566 1922 4953
4 3249 2419 6870 150
4 1602 2409 9122 835
4 2969 6440 8425 5865
4 5746 4138 39 3371
4 504 2109 9143 9222
4 9835 1 5255 5085
4 619 775 6202 3966
4 8354 5420 8325 5461
4 2763 8127 7990 8679
4 1871 1905 9971 7013
4 363 9593 635 5920
4 6191 1933 5380 198
4 1974 7576 1952 4823
4 5997 1163 6834 5832
4 9501 1698 7116 8746
4 4570 9364 4202 9429
4 2443 561 1090 4467
4 2471 9989 8712 3749
4 9727 8550 7454 6466
4 2391 3320 2191 4907
4 2810 8371 7770 5522
4 808 5706 1886 3985
4 141 4608 9802 512
4 6894 6045 3075 9667
4 3532 4820 804 5556
4 838 2194 32 359
4 9826 8566 8238 5531
4 6083 4270 8682 9062
4 7143 3865 7966 7596
4 250 6501 7956 6649
4 455 8095 5724 3339
4 7548 4256 7010 947
4 9596 4411 9549 9221
4 3943 1623 3188 3129
4 5306 4901 9734 9606
4 8781 3958 7480 4124
4 66 6247 5615 2134
4 8124 295 7689 1507
4 810 5802 9828 1822
4 3234 4548 9183 3136
4 9982 8130 711 9091
4 9349 6100 4704 3564
4 8669 6423 6724 5896
4 2605 5781 3011 2277
4 5655 4277 9868 4640
4 5412 382 4887 5908
4 9485 2208 6421 678
4 2792 9403 6700 7809
4 2479 8995 45 8519
4 496 7517 3428 149
4 6487 765 7221 1347
4 6801 9392 2924 7220
4 9729 2972 4016 6184
4 6975 4888 1761 3811
4 7207 2397 1256 5756
4 7462 6755 2707 7186
4 1655 6262 7876 170
4 8829 6062 7731 6705
4 7918 4429 2148 6574
4 1078 8399 6873 9173
4 6641 3948 2343 300
4 9803 5765 7970 4208
4 3565 6599 8276 3322
4 9199 1531 2167 1100
4 3640 2530 6243 8263
4 6687 9253 849 8632
4 8792 2864 313 1382
4 7635 434 3991 6811
4 2631 469 6160 4514
4 3774 6548 4465 5584
4 8283 2244 5047 2024
4 9104 2724 8196 5566
4 3315 8708 3694 5451
4 9437 3622 6264 7964
4 8107 6099 6446 9096
4 681 2796 0 3641
4 3820 5799 6248 8562
4 2003 1981 5164 2198
4 3660 5866 2278 611
4 8007 8688 5939 3724
4 3683 1968 471 6637
4 578 9621 6203 3121
4 762 5768 2467 9459
4 3835 9643 3020 9573
4 3260 3171 8264 5954
4 5358 5660 8517 5166
4 5054 4119 5277 1908
4 7593 8966 8752 7984
4 9174 2001 1047 4708
4 9781 5185 8908 6681
4 3971 7591 6553 4949
4 3598 9945 9752 2495
4 6169 7049 9978 2672
4 7295 254 6659 4335
4 2225 7265 6903 8027
4 614 704 6015 9583
4 2794 8942 2983 4659
4 5053 7681 1199 1044
4 601 4540 7424 9299
4 8774 4503 1157 9996
4 5580 8016 1174 7386
4 4816 6388 9891 6942
4 3638 2857 5657 9987
