172
2 357 190
2 63 28
2 68 252
2 83 441
2 84 420
2 488 286
2 370 423
2 2 97
2 287 93
2 51 197
2 171 333
2 205 35
2 194 196
2 191 369
2 255 165
2 246 33
2 96 12
2 150 47
2 355 482
2 383 300
2 270 326
2 77 14
2 469 21
2 4 279
2 275 1
2 476 315
2 281 322
2 340 306
2 428 299
2 161 421
2 228 256
2 183 454
2 118 330
2 313 189
2 418 414
2 232 358
2 135 492
2 131 7
2 130 17
2 316 86
2 470 212
2 257 334
2 262 154
2 85 352
2 496 266
2 374 72
2 39 158
2 169 73
2 343 11
2 323 410
2 335 120
2 314 484
2 465 213
2 238 301
2 126 141
2 260 319
2 415 462
2 485 337
2 368 64
2 408 495
2 417 170
2 167 182
2 157 156
2 215 443
2 176 434
3 331 309 155
3 457 381 38
3 102 265 350
3 140 382 451
3 134 74 166
3 202 493 329
3 297 305 48
3 477 481 448
3 342 173 463
3 241 312 234
3 142 458 486
3 426 413 0
3 398 290 452
3 49 466 108
3 30 321 371
3 220 216 264
3 440 179 113
3 239 243 376
3 349 145 261
3 133 58 310
3 82 75 111
3 53 483 298
3 489 9 475
3 366 43 52
3 42 406 210
3 222 223 221
3 456 227 219
3 435 248 360
3 122 127 240
3 57 87 199
3 471 416 187
3 293 303 430
3 37 253 19
3 168 346 320
3 344 338 273
3 389 184 405
3 178 354 231
3 318 143 324
3 317 67 499
3 62 88 61
3 491 487 396
3 291 404 258
3 308 296 15
3 478 206 498
3 209 211 208
3 393 386 249
3 98 125 34
3 137 272 60
3 380 479 271
3 480 94 236
3 224 436 292
3 402 229 356
3 464 110 433
3 250 103 409
3 327 146 147
3 29 244 5
3 390 365 277
3 359 377 311
3 461 45 181
3 50 361 387
4 80 282 20 288
4 274 185 439 455
4 32 172 367 385
4 144 378 419 445
4 226 153 175 473
4 363 116 193 121
4 25 115 424 399
4 41 79 6 268
4 69 56 336 362
4 259 289 105 13
4 22 332 55 214
4 92 132 71 407
4 119 100 375 162
4 325 198 403 188
4 395 112 218 497
4 490 295 345 31
4 81 247 449 203
4 204 151 90 278
4 379 70 99 117
4 233 450 394 10
4 494 267 429 412
4 138 128 177 201
4 245 339 427 447
4 106 237 384 23
4 195 341 65 400
4 372 200 8 276
4 284 207 163 364
4 148 114 235 431
4 160 109 438 391
4 107 460 351 302
4 44 78 159 242
4 285 280 294 397
4 124 164 263 437
4 186 36 283 467
4 54 217 91 139
4 411 304 225 353
4 446 26 474 149
4 425 254 444 442
4 136 101 18 24
4 432 152 192 230
4 174 468 388 348
4 401 27 422 459
4 59 251 123 472
4 129 66 3 180
4 269 347 89 392
4 104 46 328 95
4 16 453 307 40
